Version("17.0", 26840)
WindowSize(1556, 879)
Window("Tools/Keywords").Button("SET")
PopupWindow1().Button("NODE")
Window("SET_NODE").Menu("SELECT SET_NODE").Select1("M1/S_NO102 (: 18 Nodes)")
Window("MODIFY SET_NODE M1/S_NO102").Button("Add NODE")
Window("MODIFY SET_NODE M1/S_NO102").Menu("SELECT ITEM").Button("Vis")
DynamicZoomOut(963, 1410, 0, 0, 0)
DynamicZoomOut(913, 1468, 0, 0, 0)
DynamicZoomOut(866, 1532, 0, 0, 0)
DynamicZoomOut(947, 1679, 0, 0, 0)
DynamicZoomOut(947, 1711, 0, 0, 0)
DynamicZoomOut(934, 1755, 0, 0, 0)
DynamicZoomOut(971, 1700, 0, 0, 0)
DynamicZoomOut(971, 1700, 0, 0, 0)
DynamicZoomOut(971, 1700, 0, 0, 0)
DynamicZoomIn(1982, 816, 0, 0, 0)
DynamicZoomIn(1990, 826, 0, 0, 0)
DynamicZoomIn(1997, 863, 0, 0, 0)
DynamicZoomIn(2000, 931, 0, 0, 0)
DynamicZoomIn(2000, 931, 0, 0, 0)
DynamicZoomIn(2000, 929, 0, 0, 0)
DynamicZoomIn(2000, 929, 0, 0, 0)
DynamicZoomIn(2000, 923, 0, 0, 0)
DynamicZoomOut(884, 1013, 0, 0, 0)
DynamicZoomOut(873, 1013, 0, 0, 0)
DynamicZoomOut(834, 1016, 0, 0, 0)
DynamicZoomOut(673, 1029, 0, 0, 0)
DynamicZoomOut(510, 1034, 0, 0, 0)
DynamicZoomOut(492, 1034, 0, 0, 0)
DynamicZoomOut(484, 1034, 0, 0, 0)
DynamicZoomOut(481, 1034, 0, 0, 0)
DynamicZoomOut(423, 950, 0, 0, 0)
DynamicZoomOut(402, 939, 0, 0, 0)
DynamicZoomOut(384, 937, 0, 0, 0)
DynamicZoomOut(381, 937, 0, 0, 0)
DynamicZoomOut(413, 873, 0, 0, 0)
DynamicZoomOut(413, 873, 0, 0, 0)
DynamicZoomOut(413, 873, 0, 0, 0)
DynamicZoomOut(413, 873, 0, 0, 0)
DynamicZoomOut(413, 873, 0, 0, 0)
DynamicZoomIn(2171, 1974, 0, 0, 0)
DynamicZoomIn(2161, 1969, 0, 0, 0)
DynamicZoomIn(2129, 1950, 0, 0, 0)
DynamicZoomIn(2250, 1813, 0, 0, 0)
DynamicZoomIn(2250, 1811, 0, 0, 0)
DynamicZoomIn(2250, 1805, 0, 0, 0)
DynamicZoomIn(2287, 1811, 0, 0, 0)
DynamicZoomIn(2287, 1811, 0, 0, 0)
DynamicZoomIn(2287, 1811, 0, 0, 0)
DynamicZoomIn(2287, 1811, 0, 0, 0)
DynamicZoomIn(2284, 1808, 0, 0, 0)
DynamicZoomIn(2282, 1805, 0, 0, 0)
DynamicZoomIn(2279, 1800, 0, 0, 0)
DynamicZoomIn(2279, 1797, 0, 0, 0)
DynamicZoomIn(2277, 1795, 0, 0, 0)
DynamicZoomIn(2269, 1784, 0, 0, 0)
Window("MODIFY SET_NODE M1/S_NO102").Window("SCREEN PICK").Button("Path_A") = On
In GraphicsWindow("GRAPHICS 1")
    .ViewMatrix(0.72928, -0.683689, -0.0268184, 0.442633, 0.441535, 0.780463, -0.521753, -0.581047, 0.624626, 2.00868, -1.67427, 6.51049, 1498.98, 5.38082)
    .Pick1(1234, 1195)
End In
MasterWindow().Menu("Choose From").Select1("M1/N784999  (Nearest)")
In GraphicsWindow("GRAPHICS 1")
    .ViewMatrix(0.72928, -0.683689, -0.0268184, 0.442633, 0.441535, 0.780463, -0.521753, -0.581047, 0.624626, 2.00868, -1.67427, 6.51049, 1498.98, 5.38082)
    .Pick1(1750, 1545)
    .ViewMatrix(0.72928, -0.683689, -0.0268184, 0.442633, 0.441535, 0.780463, -0.521753, -0.581047, 0.624626, 2.00868, -1.67427, 6.51049, 1498.98, 5.38082)
    .Pick1(1766, 1289)
    .ViewMatrix(0.72928, -0.683689, -0.0268184, 0.442633, 0.441535, 0.780463, -0.521753, -0.581047, 0.624626, 2.00868, -1.67427, 6.51049, 1498.98, 5.38082)
    .Pick1(1224, 997)
End In
In Window("Path Selection")
    .Button("Add to Pick List")
    .Button("Done Picking")
End In
In Window("MODIFY SET_NODE M1/S_NO102")
    .Button("Add items")
    .Button("Create Update STATIC")
End In
DynamicZoomOut(3422, 1450, 0, 0, 0)
DynamicZoomOut(3419, 1453, 0, 0, 0)
DynamicZoomOut(2987, 1487, 0, 0, 0)
DynamicZoomOut(2987, 1487, 0, 0, 0)
DynamicZoomOut(2987, 1487, 0, 0, 0)
DynamicZoomOut(2987, 1495, 0, 0, 0)
DynamicZoomOut(2977, 1513, 0, 0, 0)
DynamicZoomOut(2977, 1513, 0, 0, 0)
DynamicZoomOut(2977, 1513, 0, 0, 0)
DynamicZoomOut(2977, 1513, 0, 0, 0)
Window("Tools/Keywords").Button("Macro Tab")
